78,35
10,83
10,215
10,163
10,245
10,87
10,165
10,207
11,2
9,5
9,2
9,3
8,11
8,16
8,5
8,2
8,3
68,4
68,3
68,2
68,1
68,0
67,4
67,3
67,2
67,1
67,0
66,8
66,7
66,6
66,5
66,4
66,3
66,2
66,1
66,0
65,4
65,3
65,2
65,1
65,0
64,4
64,3
64,2
64,1
64,0
63,4
63,3
63,2
63,1
63,0
62,3
62,2
62,1
62,0
59,3
59,2
59,1
59,0
56,3
56,2
56,1
56,0
52,3
52,1
50,3
50,1
20,3
20,2
20,1
19,3
19,2
19,1
12,3
12,2
12,1
11,29
11,28
11,27
11,25
11,24
11,23
11,22
11,21
11,20
11,19
11,18
11,16
11,15
11,14
11,13
11,10
11,9
11,8
11,7
11,6
11,5
11,1
11,4
11,3
10,260
10,254
10,224
10,214
10,88
10,84
10,66
10,1
10,64
10,3
10,2
9,7
